No,start,end
1,001163,014082
2,014083,014522
3,014523,015378
4,015379,015548
5,015549,015710
6,016001,016150
7,016151,016236
8,016237,016326
9,016327,016444
10,016445,016486
11,016487,016516
12,016517,016532
13,016533,016562
14,016563,016590
15,016591,016600
16,016601,016604
17,016605,016608
18,016609,016630
19,016631,016650
20,017001,019464
21,019465,019512
22,019513,019572
23,019573,019624
24,019625,019662
25,020001,020040
26,020041,020060
27,020061,020072
28,020073,020106
29,020107,020122
30,020123,020148
31,020149,020172
32,020173,020192
33,020193,020210
34,020211,020238
35,020239,020246
36,020247,020256
37,020257,020268
38,020269,020292
39,020293,020310
40,020311,020346
41,020347,020372
42,020373,020396
43,020397,020454
44,020455,020508
45,020509,020514
46,020515,020520
47,020521,020530
48,020531,020560
49,020561,020586
50,020587,020590
51,020591,020600
52,020601,020612
53,020613,020628
54,020629,020648
55,020649,020668
56,020669,020700
57,021001,021584
58,021585,021778
59,022001,022210
60,022211,022372
61,022373,022478
62,022479,022516
63,022517,022546
64,022547,022574
65,022575,022592
66,022593,022598
67,022599,022692
68,022693,022820
69,023001,023050
70,023051,023138
71,023139,023216
72,023217,023232
73,023233,023316
74,023317,023350
75,023351,023468
76,023469,023530
77,023531,023570
78,023571,023604
79,023605,023644
80,023645,023774
81,023775,023792
82,023793,023812
83,024001,025368
84,025369,027090
85,027091,027640
86,027641,027728
87,028001,028022
88,028023,028090
89,028091,028104
90,028105,028112
91,028113,028116
92,028117,028130
93,028131,028142
94,028143,028148
95,028149,028156
96,028157,028170
97,028171,028180
98,028181,028186
99,028187,028194
100,028195,028310
101,028311,028410
102,028411,028482
103,028483,028494
104,028495,028504
105,028505,028510
106,028511,028618
107,028619,028668
108,028669,028688
109,029001,029692
110,030001,031128
111,031129,031168
112,031169,031216
113,031217,031300
114,031301,031348
115,031349,031392
116,031393,031528
117,031529,031576
118,031577,031584
119,031585,031590
120,031591,031594
121,031595,031598
122,032001,032150
123,032151,032212
124,032213,032260
125,032261,032308
126,032309,032424
127,032425,032442
128,032443,032464
129,032465,032484
130,032485,032640
131,032641,032654
132,032655,032660
133,032661,032668
134,032669,033094
135,033095,033254
136,033255,033274
137,033275,033296
138,033297,033484
139,033485,033626
140,033627,033646
141,033647,033670
142,033671,033732
143,033733,033786
144,034001,034050
145,034051,034140
146,034141,034212
147,034213,034346
148,034347,034442
149,034443,034480
150,034481,034492
151,034493,034500
152,034501,034512
153,034513,034588
154,034589,034670
155,034671,035102
156,035103,035242
157,035243,035300
158,035301,035364
159,035365,035402
160,035403,035434
161,035435,035486
162,035487,035560
163,035561,035676
164,035677,035718
165,035719,035760
166,036001,036014
167,036015,036026
168,036027,036054
169,036055,036084
170,036085,036138
171,036139,036230
172,036231,036410
173,036411,036546
174,036547,036594
175,036595,036734
176,037001,037162
177,037163,037186
178,037187,037252
179,037253,037260
180,037261,037286
181,037287,037312
182,037313,037332
183,037333,037354
184,037355,037376
185,037377,037474
186,037475,037556
187,037557,037750
188,038001,038011
189,038012,038026
190,038027,038046
191,038047,038084
192,038085,038118
193,038119,038208
194,038209,038226
195,038227,038236
196,038237,038240
197,038241,038242
198,038243,038244
199,038245,038286
200,038287,038295
201,038296,038302
202,038303,038306
203,038307,038311
204,038312,038318
205,038319,038336
206,038337,038350
207,038351,038366
208,038367,038386
209,038387,038406
210,038407,038434
211,038435,038460
212,038461,038468
213,038469,038473
214,038474,038475
215,038476,038478
216,038479,038485
217,038486,038491
218,038492,038495
219,038496,038501
220,038502,038503
221,038504,038505
222,038506,038507
223,038508,038512
224,038513,038516
225,038517,038519
226,038520,038527
227,038528,038530
228,038531,038559
229,038560,038561
230,038562,038567
231,038568,038570
232,038571,038574
233,038575,038594
234,038595,038602
235,038603,038612
236,038613,038622
237,038623,038630
238,038631,038640
239,038641,038646
240,038647,038734
241,038735,038768
242,039001,039070
243,039071,039141
244,039142,039145
245,039146,039151
246,039152,039157
247,039158,039164
248,039165,039180
249,039181,039194
250,039195,039212
251,039213,039232
252,039233,039254
253,039255,039286
254,039287,039324
255,039325,039354
256,039355,039359
257,039360,039364
258,039365,039369
259,039370,039374
260,039375,039382
261,039383,039389
262,039390,039390
263,039391,039391
264,039392,039398
265,039399,039408
266,039409,039414
267,039415,039422
268,039423,039426
269,039427,039428
270,039429,039434
271,039435,039442
272,039443,039446
273,039447,039450
274,039451,039455
275,039456,039459
276,039460,039466
277,039467,039472
278,039473,039479
279,039480,039486
280,039487,039490
281,039491,039492
282,039493,039498
283,039499,039506
284,039507,039529
285,039530,039532
286,039533,039536
287,039537,039538
288,039539,039541
289,039542,039544
290,039545,039548
291,039549,039550
292,039551,039553
293,039554,039556
294,039557,039560
295,039561,039563
296,039564,039566
297,039567,039568
298,039569,039572
299,039573,039574
300,039575,039576
301,039577,039596
302,039597,039652
303,039653,039708
304,039709,039748
305,039749,039754
306,039755,039764
307,039765,039775
308,039776,039786
309,040001,040034
310,040035,040072
311,040073,040084
312,040085,040098
313,040099,040600
314,040601,040622
315,040623,040644
316,040645,040668
317,040669,040678
318,040679,040684
319,040685,040688
320,040689,040712
321,040713,040736
322,040737,040748
323,040749,040759
324,040760,040769
325,040770,040772
326,040773,040774
327,040775,040776
328,040777,040778
329,040779,040784
330,041001,041004
331,041005,041010
332,041011,041015
333,041016,041018
334,041019,041020
335,041021,041023
336,041024,041028
337,041029,041034
338,041035,041040
339,041041,041044
340,041045,041048
341,041049,041064
342,041065,041084
343,041085,041093
344,041094,041100
345,041101,041112
346,041113,041120
347,041121,041133
348,041134,041142
349,041143,041152
350,041153,041162
351,041163,041169
352,041170,041176
353,041177,041187
354,041188,041198
355,041199,041212
356,041213,041227
357,041228,041229
358,041230,041232
359,041233,041558
360,041559,041562
361,041563,041564
362,041565,041576
363,041577,041586
364,041587,041598
365,041599,041605
366,041606,041610
367,041611,041620
368,041621,041634
369,041635,041648
370,041649,041664
371,041665,041682
372,042001,042244
373,042245,042258
374,042259,042262
375,042263,042282
376,042283,042296
377,042297,042318
378,042319,042346
379,042347,042353
380,042354,042364
381,042365,042390
382,042391,042398
383,042399,042401
384,042402,042406
385,042407,042414
386,042415,042424
387,042425,042427
388,042428,042432
389,042433,042476
390,042477,042492
391,042493,042506
392,042507,042520
393,042521,042568
394,042569,042586
395,042587,042636
396,042637,042676
397,042677,042718
398,042719,042770
399,043001,043186
400,043187,043406
401,043407,043426
402,043427,043442
403,043443,043462
404,043463,043576
405,043577,043612
406,043613,043616
407,043617,043622
408,043623,043652
409,043653,043660
410,043661,043668
411,043669,043680
412,043681,043685
413,043686,043688
414,043689,043690
415,043691,043696
416,043697,043700
417,043701,043760
418,044001,044280
419,044281,044532
420,044533,044596
421,044597,045114
422,045115,045234
423,045235,045266
424,045267,045282
425,045283,045310
426,045311,045460
427,045461,045580
428,045581,045626
429,045627,045742
430,045743,045824
431,045825,045828
432,045829,045838
433,046001,046054
434,046055,046094
435,046095,046158
436,046159,046190
437,046191,046218
438,046219,046268
439,046269,046292
440,046293,046352
441,046353,046694
442,047001,047134
443,047135,047204
444,047205,047232
445,047233,047284
446,047285,047298
447,047299,047302
448,047303,047309
449,047310,047312
450,047313,047313
451,047314,047318
452,047319,047392
453,047393,047395
454,047396,047398
455,047399,047401
456,047402,047404
457,047405,047409
458,047410,047414
459,047415,047446
460,047447,047476
461,047477,047500
462,047501,047504
463,047505,047507
464,047508,047509
465,047510,047512
466,047513,047516
467,047517,047520
468,047521,047522
469,047523,047562
470,047563,047569
471,047570,047571
472,047572,047572
473,047573,047573
474,047574,047577
475,047578,047579
476,047580,047580
477,047581,047581
478,047582,047582
479,047583,047583
480,047584,047584
481,047585,047587
482,047588,047591
483,047592,047593
484,047594,047596
485,047597,047598
486,047599,047600
487,047601,047602
488,047603,047606
489,047607,047607
490,047608,047612
491,047613,047617
492,047618,047620
493,047621,047634
494,047635,047648
495,047649,047650
496,047651,047653
497,047654,047658
498,047659,047668
499,047669,047669
500,047670,047672
501,047673,047674
502,047675,047706
503,047707,047730
504,047731,047736
505,047737,047746
506,047747,047750
507,047751,047768
508,047769,047769
509,048001,048005
510,048006,048008
511,048009,048014
512,048015,048022
513,048023,048042
514,048043,048062
515,048063,048080
516,048081,048089
517,048090,048096
518,048097,048110
519,048111,048114
520,048115,048120
521,048121,048125
522,048126,048127
523,048128,048132
524,048133,048136
525,048137,048158
526,048159,048296
527,048297,048344
528,048345,048460
529,048461,048546
530,048547,048636
531,048637,048680
532,048681,048712
533,048713,048724
534,048725,048736
535,048737,048740
536,048741,048741
537,048742,048756
538,049001,050348
539,050349,051394
540,051395,052618
541,052619,053318
542,053319,053628
543,053629,053650
544,053651,053672
545,053673,054080
546,054081,054236
547,054237,054334
548,054335,054380
549,054381,054396
550,054397,054417
551,054418,054422
552,054423,054470
553,054471,054474
554,054475,054476
555,054477,054480
556,054481,054483
557,054484,054488
558,054489,054495
559,054496,054500
560,054501,054503
561,054504,054506
562,054507,054507
563,054508,054513
564,054514,054520
565,054521,054531
566,054532,054535
567,054536,054538
568,054539,054542
569,054543,054549
570,054550,054556
571,054557,054569
572,054570,054572
573,054573,054576
574,054577,054583
575,054584,054588
576,054589,054593
577,054594,054598
578,054599,054602
579,054603,054605
580,054606,054607
581,054608,054610
582,054611,054618
583,054619,054628
584,054629,054630
585,054631,054633
586,054634,054634
587,054635,054642
588,054643,054656
589,054657,054675
590,054676,054685
591,054686,054692
592,054693,054697
593,054698,054705
594,054706,054714
595,054715,054717
596,054718,054720
597,054721,054722
598,054723,054724
599,054725,054729
600,054730,054734
601,055001,055003
602,055004,055006
603,055007,055010
604,055011,055021
605,055022,055025
606,055026,055033
607,055034,055037
608,055038,055040
609,055041,055044
610,055045,055049
611,055050,055064
612,055065,055073
613,055074,055074
614,055075,055076
615,055077,055080
616,055081,055082
617,055083,055088
618,055089,055095
619,055096,055100
620,055101,055102
621,055103,055107
622,055108,055111
623,055112,055115
624,055116,055117
625,055118,055118
626,055119,055120
627,055121,055124
628,055125,055128
629,055129,055131
630,055132,055132
631,055133,055139
632,055140,055141
633,055142,055146
634,055147,055149
635,055150,055152
636,055153,055156
637,055157,055159
638,055160,055161
639,055162,055164
640,055165,055168
641,055169,055200
642,055201,055228
643,055229,055258
644,055259,055282
645,055283,055287
646,055288,055294
647,055295,055298
648,055299,055300
649,055301,055304
650,055305,055306
651,055307,055307
652,055308,055309
653,055310,055311
654,055312,055313
655,055314,055315
656,055316,055319
657,055320,055320
658,055321,055321
659,055322,055322
660,055323,055358
661,055359,055388
662,055389,055480
663,055481,055498
664,055499,055512
665,055513,055618
666,055619,055626
667,055627,055632
668,055633,055635
669,055636,055638
670,055639,055682
671,055683,055687
672,055688,055695
673,055696,055702
674,055703,055720
675,056001,057246
676,057247,058130
677,058131,058162
678,058163,058176
679,058177,058178
680,058179,058194
681,058195,058213
682,058214,058216
683,058217,058219
684,058220,058224
685,058225,058225
686,058226,058226
687,058227,058231
688,058232,058234
689,058235,058243
690,058244,058245
691,058246,058247
692,058248,058250
693,058251,058257
694,058258,058260
695,058261,058264
696,058265,058267
697,058268,058270
698,058271,058272
699,058273,058275
700,058276,058278
701,058279,058280
702,058281,058285
703,058286,058287
704,058288,058293
705,058294,058300
706,058301,058304
707,058305,058306
708,058307,058311
709,058312,058316
710,058317,058416
711,058417,058423
712,058424,058430
713,058431,058432
714,058433,058433
715,058434,058435
716,058436,058444
717,058445,058448
718,058449,058450
719,058451,058454
720,058455,058456
721,058457,058457
722,058458,058459
723,058460,058464
724,058465,058468
725,058469,058496
726,058497,058509
727,058510,058511
728,058512,058518
729,058519,058550
730,058551,058554
731,058555,058556
732,058557,058559
733,058560,058561
734,058562,058562
735,058563,058574
736,058575,058577
737,058578,058581
738,058582,058586
739,058587,058595
740,058596,058600
741,058601,058604
742,058605,058607
743,058608,058609
744,058610,058612
745,058613,058615
746,058616,058621
747,058622,058623
748,058624,058626
749,058627,058628
750,058629,058630
751,058631,058631
752,058632,058643
753,058644,058647
754,058648,058650
755,058651,058652
756,058653,058654
757,058655,058655
758,058656,058660
759,058661,058662
760,058663,058665
761,058666,058667
762,058668,058673
763,058674,058675
764,058676,058684
765,058685,058689
766,058690,058692
767,058693,058694
768,058695,058696
769,058697,058699
770,058700,058703
771,058704,058708
772,058709,058710
773,058711,058712
774,058713,058792
775,058793,058814
776,058815,058836
777,059001,059054
778,059055,059074
779,059075,059120
780,059121,059186
781,059187,059193
782,059194,059202
783,059203,059213
784,059214,059220
785,059221,059236
786,059237,059242
787,059243,059248
788,059249,059255
789,059256,059263
790,059264,059267
791,059268,059270
792,059271,059273
793,059274,059277
794,059278,059284
795,059285,059290
796,059291,059292
797,059293,059295
798,059296,059304
799,059305,059374
800,059375,059420
801,059421,059425
802,059426,059434
803,059435,059439
804,059440,059445
805,059446,059447
806,059448,059452
807,059453,059459
808,059460,059466
809,059467,059482
810,059483,059488
811,059489,059492
812,059493,059494
813,059495,059497
814,059498,059502
815,059503,059511
816,059512,059518
817,059519,059562
818,059563,059568
819,059569,059571
820,059572,059573
821,059574,059577
822,059578,059578
823,059579,059580
824,059581,059584
825,059585,059589
826,059590,059594
827,059595,059600
828,059601,059604
829,059605,059607
830,059608,059610
831,059611,059614
832,059615,059623
833,059624,059624
834,059625,059626
835,059627,059634
836,059635,059638
837,059639,059646
838,059647,059656
839,059657,059728
840,059729,059740
841,059741,059744
842,059745,059748
843,059749,059754
844,059755,059762
845,059763,059778
846,059779,059784
847,059785,059789
848,059790,059796
849,060001,060011
850,060012,060013
851,060014,060016
852,060017,060019
853,060020,060022
854,060023,060154
855,060155,060167
856,060168,060170
857,060171,060178
858,060179,060206
859,060207,060232
860,060233,060237
861,060238,060240
862,060241,060246
863,060247,060250
864,060251,060270
865,060271,060275
866,060276,060282
867,060283,060286
868,060287,060326
869,060327,060330
870,060331,060331
871,060332,060333
872,060334,060334
873,060335,060338
874,060339,060340
875,060341,060342
876,060343,060344
877,060345,060353
878,060354,060358
879,060359,060360
880,060361,060364
881,060365,060365
882,060366,060367
883,060368,060369
884,060370,060370
885,060371,060371
886,060372,060372
887,060373,060373
888,060374,060374
889,060375,060376
890,060377,060378
891,060379,060381
892,060382,060389
893,060390,060391
894,060392,060396
895,060397,060403
896,060404,060410
897,060411,060414
898,060415,060420
899,060421,060436
900,060437,060441
901,060442,060446
902,060447,060447
903,060448,060449
904,060450,060451
905,060452,060454
906,060455,060457
907,060458,060460
908,060461,060461
909,060462,060462
910,060463,060463
911,060464,060464
912,060465,060475
913,060476,060482
914,060483,060484
915,060485,060485
916,060486,060489
917,060490,060498
918,060499,060502
919,060503,060514
920,060515,060576
921,060577,060616
922,060617,061076
923,061077,061087
924,061088,061096
925,061097,061101
926,061102,061103
927,061104,061105
928,061106,061112
929,061113,061128
930,061129,061130
931,061131,061158
932,061159,061184
933,061185,061204
934,061205,061238
935,061239,061248
936,061249,061250
937,061251,061254
938,061255,061260
939,061261,061270
940,061271,061278
941,061279,061296
942,061297,061311
943,061312,061313
944,061314,061315
945,061316,061318
946,061319,061332
947,061333,061350
948,061351,061372
949,061373,061400
950,061401,061521
951,061522,061532
952,061533,061538
953,061539,061540
954,061541,061546
955,061547,061550
956,061551,061555
957,061556,061559
958,061560,061566
959,061567,061710
960,061711,061742
961,062001,062006
962,062007,062010
963,062011,062019
964,062020,062022
965,062023,062046
966,062047,062108
967,062109,062168
968,062169,062178
969,062179,062183
970,062184,062186
971,062187,062326
972,062327,062348
973,062349,062500
974,062501,062504
975,062505,062508
976,062509,062511
977,062512,062513
978,062514,062514
979,062515,062518
980,062519,062532
981,062533,062536
982,062537,062547
983,062548,062554
984,062555,062558
985,062559,062560
986,062561,062563
987,062564,062568
988,062569,062588
989,062589,062610
990,062611,062617
991,062618,062621
992,062622,062623
993,062624,062625
994,062626,062628
995,062629,062642
996,062643,062645
997,062646,062648
998,062649,062686
999,062687,063078
1000,063079,063392
1001,063393,063401
1002,063402,063402
1003,063403,063404
1004,063405,063407
1005,063408,063410
1006,063411,063452
1007,063453,063480
1008,063481,063516
1009,063517,063556
1010,063557,063578
1011,063579,063590
1012,063591,064118
1013,064119,064170
1014,064171,064190
1015,064191,064236
1016,064237,064260
1017,064261,064332
1018,064333,064400
1019,064401,064480
1020,064481,064502
1021,064503,064524
1022,064525,064630
1023,064631,064676
1024,064677,064730
1025,065001,065066
1026,065067,065112
1027,065113,065140
1028,065141,065151
1029,065152,065158
1030,065159,065162
1031,065163,065164
1032,065165,065264
1033,065265,065294
1034,065295,065328
1035,065329,065366
1036,065367,065438
1037,065439,065472
1038,065473,065618
1039,065619,065772
1040,066001,066016
1041,066017,066034
1042,066035,066058
1043,066059,066106
1044,066107,066130
1045,066131,066143
1046,066144,066152
1047,066153,066156
1048,066157,066163
1049,066164,066174
1050,066175,066198
1051,066199,066392
1052,066393,066436
1053,066437,066474
1054,066475,066520
1055,066521,066562
1056,066563,066578
1057,066579,066592
1058,066593,066610
1059,066611,066646
1060,066647,066650
1061,066651,066652
1062,066653,066656
1063,066657,066659
1064,066660,066661
1065,066662,066668
1066,066669,066670
1067,066671,066673
1068,066674,066677
1069,066678,066679
1070,066680,066684
1071,066685,066692
1072,066693,066695
1073,066696,066697
1074,066698,066703
1075,066704,066706
1076,066707,066714
1077,067001,067018
1078,067019,067034
1079,067035,067048
1080,067049,067222
1081,067223,067394
1082,067395,067430
1083,067431,067554
1084,067555,067572
1085,067573,067586
1086,067587,067608
1087,067609,067646
1088,067647,067664
1089,067665,067680
1090,067681,067748
1091,067749,067759
1092,067760,067766
1093,067767,067786
1094,067787,067794
1095,067795,067800
1096,067801,067818
1097,067819,067822
1098,067823,067832
1099,067833,067840
1100,067841,067843
1101,067844,067848
1102,067849,067892
1103,067893,067916
1104,067917,067940
1105,067941,067967
1106,067968,067970
1107,067971,067972
1108,067973,067976
1109,067977,067999
1110,068001,069410
1111,069411,069486
1112,069487,070856
1113,071001,071822
1114,071823,072888
1115,073001,073072
1116,073073,073686
1117,073687,074392
1118,074393,074706
1119,074707,075170
1120,075171,075520
1121,075521,075560
1122,075561,075812
1123,075813,075898
1124,076001,076022
1125,076023,076170
1126,076171,076302
1127,076303,076480
1128,076481,076544
1129,076545,076606
1130,076607,076768
1131,076769,076788
1132,076789,076820
1133,076821,077096
1134,077097,077121
1135,077122,077132
1136,077133,077140
1137,077141,077146
1138,077147,077234
1139,077235,077310
1140,077311,077332
1141,077333,077374
1142,077375,077404
1143,077405,077440
1144,077441,077472
1145,077473,077498
1146,077499,077504
1147,077505,077514
1148,077515,077554
1149,077555,077600
1150,077601,077630
1151,077631,077648
1152,077649,077676
1153,077677,077698
1154,077699,077724
1155,077725,077752
1156,077753,077774
1157,077775,077810
1158,077811,077820
1159,077821,077824
1160,077825,077850
1161,078001,078044
1162,078045,078092
1163,078093,080408
1164,080409,082480
1165,082481,083516
1166,083517,083521
1167,083522,083524
1168,083525,083535
1169,083536,083549
1170,083550,083558
1171,083559,084064
1172,084065,084298
1173,084299,084406
1174,084407,084686
1175,084687,084760
1176,084761,085152
1177,085153,085258
1178,085259,085510
1179,085511,085538
1180,085539,085558
1181,085559,085600
1182,085601,085612
1183,085613,085828
1184,086001,086030
1185,086031,086062
1186,086063,086118
1187,086119,086352
1188,086353,086464
1189,086465,086484
1190,086485,086652
1191,086653,087102
1192,087103,087192
1193,087193,087208
1194,087209,087226
1195,087227,087240
1196,087241,087360
1197,087361,087369
1198,087370,087379
1199,087380,087389
1200,087390,087395
1201,087396,087400
1202,087401,087426
1203,087427,087487
1204,087488,087491
1205,087492,087494
1206,087495,087496
1207,087497,087503
1208,087504,087507
1209,087508,087514
1210,087515,087526
1211,087527,087554
1212,087555,087590
1213,087591,087668
1214,087669,087686
1215,087687,087700
1216,087701,087718
1217,087719,087735
1218,087736,087740
1219,087741,087746
1220,087747,087759
1221,087760,087768
1222,087769,087769
1223,087770,087778
1224,087779,087808
1225,088001,088004
1226,088005,088032
1227,088033,088060
1228,088061,088142
1229,088143,088194
1230,088195,088288
1231,088289,088320
1232,088321,088343
1233,088344,088354
1234,088355,088364
1235,088365,088378
1236,088379,088412
1237,088413,088454
1238,088455,088496
1239,088497,088504
1240,088505,088536
1241,088537,088592
1242,088593,088632
1243,088633,088682
1244,088683,088710
1245,088711,088734
1246,088735,088761
1247,088762,088769
1248,088770,088772
1249,088773,088776
1250,088777,088795
1251,088796,088802
1252,088803,088807
1253,088808,088812
1254,089001,089074
1255,089075,089096
1256,089097,092538
1257,092539,094328
1258,094329,096150
1259,096151,096744
1260,097001,097450
1261,097451,098312
1262,098313,099152
1263,099153,099182
1264,099183,099226
1265,099227,099258
1266,099259,099694
1267,100001,100374
1268,100375,100706
1269,101001,101258
1270,101259,101492
1271,101493,101536
1272,101537,102120
1273,102121,102154
1274,102155,102400
1275,102401,102436
1276,102437,102458
1277,102459,102467
1278,102468,102476
1279,102477,102484
1280,102485,102770
1281,103001,103072
1282,103073,103328
1283,103329,103394
1284,103395,103422
1285,103423,103618
1286,103619,104048
1287,104049,104156
1288,104157,104168
1289,104169,104348
1290,104349,104504
1291,104505,104710
1292,105001,105070
1293,105071,105124
1294,105125,105154
1295,105155,105170
1296,105171,105179
1297,105180,105186
1298,105187,105188
1299,105189,105204
1300,105205,105208
1301,105209,105210
1302,105211,105214
1303,105215,105252
1304,105253,105332
1305,105333,105494
1306,105495,105504
1307,105505,105515
1308,105516,105520
1309,105521,105588
1310,105589,105634
1311,105635,105642
1312,105643,105650
1313,105651,105686
1314,106001,106484
1315,106485,106750
1316,107001,107132
1317,107133,107276
1318,107277,107414
1319,107415,107435
1320,107436,107439
1321,107440,107452
1322,107453,107594
1323,107595,107598
1324,107599,107604
1325,107605,107609
1326,107610,107615
1327,107616,107616
1328,107617,107618
1329,107619,107622
1330,107623,107624
1331,107625,107628
1332,107629,107636
1333,107637,107716
1334,107717,107774
1335,108001,108036
1336,108037,108148
1337,108149,108156
1338,108157,108167
1339,108168,108179
1340,108180,108187
1341,108188,108189
1342,108190,108198
1343,108199,108246
1344,108247,108354
1345,108355,108442
1346,108443,108536
1347,108537,108578
1348,108579,108612
1349,108613,108650
1350,108651,108704
1351,108705,108754
1352,109001,109038
1353,109039,109043
1354,109044,109046
1355,109047,109051
1356,109052,109060
1357,109061,109104
1358,109105,109144
1359,109145,109178
1360,109179,109206
1361,109207,109232
1362,109233,109256
1363,109257,109270
1364,109271,109280
1365,109281,109290
1366,109291,109301
1367,109302,109307
1368,109308,109313
1369,109314,109315
1370,109316,109323
1371,109324,109325
1372,109326,109328
1373,109329,109410
1374,109411,109458
1375,109459,109482
1376,109483,109510
1377,109511,109534
1378,109535,109552
1379,109553,109566
1380,109567,109568
1381,109569,109590
1382,109591,109595
1383,109596,109609
1384,109610,109612
1385,109613,109622
1386,109623,109626
1387,109627,109635
1388,109636,109639
1389,109640,109644
1390,109645,109648
1391,109649,109661
1392,109662,109666
1393,109667,109677
1394,109678,109682
1395,109683,109692
1396,109693,109695
1397,109696,109698
1398,109699,109707
1399,109708,109714
1400,110001,110032
1401,110033,110050
1402,110051,110063
1403,110064,110072
1404,110073,110085
1405,110086,110098
1406,110099,110118
1407,110119,110129
1408,110130,110134
1409,110135,110137
1410,110138,110139
1411,110140,110144
1412,110145,110150
1413,110151,110163
1414,110164,110173
1415,110174,110180
1416,110181,110183
1417,110184,110192
1418,110193,110228
1419,110229,110241
1420,110242,110254
1421,110255,110265
1422,110266,110272
1423,110273,110287
1424,110288,110293
1425,110294,110306
1426,110307,110319
1427,110320,110328
1428,110329,110346
1429,110347,110374
1430,110375,110385
1431,110386,110396
1432,110397,110446
1433,110447,110454
1434,110455,110462
1435,110463,110475
1436,110476,110487
1437,110488,110495
1438,110496,110502
1439,110503,110506
1440,110507,110510
1441,110511,110518
1442,110519,110523
1443,110524,110530
1444,110531,110533
1445,110534,110537
1446,110538,110541
1447,110542,110544
1448,110545,110548
1449,110549,110557
1450,110558,110564
1451,110565,110588
1452,110589,110682
1453,110683,110687
1454,110688,110691
1455,110692,110696
1456,110697,110707
1457,110708,110716
1458,110717,110725
1459,110726,110732
1460,110733,110766
1461,111001,111194
1462,111195,111216
1463,111217,111246
1464,111247,111480
1465,111481,112474
1466,112475,112620
1467,112621,112664
1468,112665,113164
1469,113165,114144
1470,114145,114714
1471,114715,114816
1472,115001,115280
1473,115281,116240
1474,116241,116412
1475,116413,116428
1476,116429,116500
1477,116501,116522
1478,116523,116562
1479,116563,116584
1480,116585,116602
1481,116603,116648
1482,116649,116722
1483,116723,116784
1484,117001,117044
1485,117045,117092
1486,117093,117180
1487,117181,117254
1488,117255,117286
1489,117287,117476
1490,117477,118688
1491,118689,119292
1492,119293,120142
1493,120143,120536
1494,120537,120636
1495,120637,120660
1496,120661,120672
1497,120673,120698
1498,120699,120720
1499,120721,120814
1500,121001,121034
1501,121035,121138
1502,121139,121164
1503,121165,121280
1504,121281,121498
1505,121499,121598
1506,121599,121708
1507,121709,122126
1508,122127,122178
1509,122179,122204
1510,122205,122234
1511,122235,122360
1512,122361,122462
1513,122463,122582
1514,122583,123360
1515,123361,123404
1516,123405,123486
1517,123487,123664
1518,123665,123752
1519,124001,124042
1520,124043,124058
1521,124059,124074
1522,124075,124108
1523,124109,124124
1524,124125,124170
1525,124171,124266
1526,124267,124286
1527,124287,124296
1528,124297,124632
1529,124633,124722
1530,124723,125168
1531,125169,125334
1532,125335,127854
1533,128001,128560
1534,128561,128616
1535,128617,128644
1536,128645,128680
1537,128681,128766
1538,129001,129670
1539,129671,129772
1540,129773,129808
1541,129809,129813
1542,129814,129817
1543,129818,129820
1544,130001,130030
1545,130031,131102
1546,131103,131120
1547,131121,131150
1548,131151,131166
1549,131167,131167
1550,131168,131170
1551,131171,131226
1552,131227,131238
1553,131239,131286
1554,131287,131314
1555,131315,131826
1556,132001,132864
1557,133001,137196
1558,137197,137388
1559,137389,137528
1560,137529,137634
1561,137635,137744
1562,137745,138322
1563,138323,138594
1564,138595,138618
1565,138619,138678
1566,138679,138700
1567,138701,138724
1568,138725,138784
1569,139001,139172
1570,139173,139210
1571,139211,139210
1572,139211,139224
1573,139225,139240
1574,139241,139254
1575,139255,139264
1576,139265,139280
1577,139281,139286
1578,139287,139310
1579,139311,139328
1580,139329,139330
1581,139331,139342
1582,139343,139358
1583,139359,139366
1584,139367,140282
1585,140283,140414
1586,140415,140488
1587,140489,141144
1588,141145,141322
1589,141323,141354
1590,141355,141458
1591,141459,141460
1592,141461,141462
1593,141463,141566
1594,141567,141594
1595,141595,143558
1596,143559,143812
1597,144001,144292
1598,144293,144342
1599,144343,144718
1600,144719,144798
1601,145001,145322
1602,145323,146766
1603,146767,146800
1604,146801,146834
1605,147001,147016
1606,147017,147162
1607,147163,147308
1608,147309,147524
1609,147525,147868
1610,148001,148354
1611,148355,148454
1612,148455,148778
1613,148779,149720
1614,149721,149868
1615,150001,150092
1616,150093,150292
1617,150293,150462
1618,150463,150468
1619,150469,150492
1620,150493,150518
1621,150519,151704
1622,151705,152154
1623,152155,152166
1624,152167,152368
1625,152369,152542
1626,152543,152556
1627,152557,152580
1628,152581,152612
1629,152613,152638
1630,152639,152748
1631,152749,153850
1632,154001,154240
1633,154241,155196
1634,155197,156564
1635,156565,156594
1636,156595,156692
1637,156693,157162
1638,157163,157364
1639,157365,157690
1640,157691,158134
1641,158135,158312
1642,158313,158384
1643,158385,158694
1644,158695,159214
1645,159215,159666
1646,159667,160380
1647,160381,161080
1648,161081,161216
1649,161217,161304
1650,161305,161424
1651,161425,161446
1652,161447,161774
1653,162001,1621085
1654,163001,163114
1655,163115,163172
1656,163173,163208
1657,163209,163258
1658,163259,163328
1659,163329,163398
1660,163399,163462
1661,163463,163644
1662,163645,163666
1663,164001,164868
1664,165001,165792
1665,166001,166174
1666,166175,166646
1667,167001,167878
1668,168001,168328
1669,168329,168746
